satV = [1 1 1; -1 1 1; -1 -1 1; 1 -1 1; ... % top vertices
        1 1 -1; -1 1 -1; -1 -1 -1; 1 -1 -1];%  bottom vertices
    
satV = 0.25*satV;

satV = [satV;
        0.25 0.05 0.05; 0.25 -0.05 0.05; 0.25 -0.05 -0.05; 0.25 0.05 -0.05; ...
        0.5 0.05 0.05; 0.5 -0.05 0.05; 0.5 -0.05 -0.05; 0.5 0.05 -0.05]; % manipulator


satV = satV';
    
satF = [1 2 3 4; ...
        1 2 6 5; ...
        1 4 8 5; ...
        2 3 7 6; ...
        3 4 8 7; ...
        5 6 7 8; ... % body
        9 12 16 13; ...
        9 10 14 13; ...
        10 11 15 14; ...
        11 12 16 15; ...
        13 14 15 16]; % manipulator
    

% patch('Vertices', satV, 'Faces', satF, 'FaceColor', '#808080'); hold on; axis([-1, 1, -1, 1, -1, 1])